10,128
10,76
10,90
10,230
10,26
10,186
10,178
10,244
9,6
9,4
9,2
9,3
8,6
8,4
8,15
8,7
8,13
49,3
49,2
49,1
49,0
48,5
48,4
48,3
48,2
48,1
48,0
47,4
47,3
47,2
47,1
47,0
46,3
46,2
46,1
46,0
44,4
44,3
44,2
44,1
44,0
43,3
43,2
43,1
43,0
20,3
20,2
20,1
19,3
19,2
19,1
12,3
12,2
12,1
11,29
11,28
11,27
11,26
11,25
11,24
11,23
11,22
11,21
11,20
11,19
11,18
11,17
11,16
11,15
11,14
11,13
11,12
11,11
11,10
11,9
11,8
11,7
11,6
11,5
11,4
11,3
11,2
18,1
11,1
18,3
10,313
14,1
10,310
14,3
10,307
13,1
10,293
13,3
10,290
10,287
10,278
10,210
10,164
